
7.06001e-07
   0.141769
  1.412e-06
   0.141769
2.11799e-06
   0.141767
2.82396e-06
   0.141761
3.52986e-06
   0.141749
4.23566e-06
   0.141729
4.94131e-06
   0.141699
5.64676e-06
   0.141657
6.35192e-06
   0.141601
7.05673e-06
    0.14153
7.76109e-06
    0.14144
8.46491e-06
    0.14133
9.16807e-06
   0.141198
9.87045e-06
   0.141043
1.05719e-05
   0.140861
1.12724e-05
   0.140652
1.19716e-05
   0.140413
1.26695e-05
   0.140142
1.33659e-05
   0.139837
1.40606e-05
   0.139497
1.47534e-05
   0.139119
1.54441e-05
   0.138702
1.61326e-05
   0.138243
1.68185e-05
   0.137741
1.75017e-05
   0.137194
 1.8182e-05
     0.1366
 1.8859e-05
   0.135957
1.95326e-05
   0.135264
2.02025e-05
   0.134518
2.08684e-05
   0.133718
2.15301e-05
   0.132862
2.21872e-05
   0.131949
2.28394e-05
   0.130976
2.34866e-05
   0.129943
2.41282e-05
   0.128847
2.47641e-05
   0.127686
2.53938e-05
   0.126461
2.60172e-05
   0.125168
2.66337e-05
   0.123806
2.72431e-05
   0.122375
2.78451e-05
   0.120872
2.84392e-05
   0.119297
 2.9025e-05
   0.117648
2.96023e-05
   0.115924
3.01707e-05
   0.114124
3.07297e-05
   0.112247
3.12789e-05
   0.110291
 3.1818e-05
   0.108256
3.23466e-05
   0.106142
3.28642e-05
   0.103946
3.33705e-05
