
0.000167643
0.000167643
6.70573e-05
6.70573e-05
6.70573e-06
6.70573e-06
1.60938e-05
1.60938e-05
5.09636e-06
5.09636e-06
1.18021e-06
1.18021e-06
1.49135e-06
1.49135e-06
  3.605e-07
  3.605e-07
1.54071e-07
1.54071e-07
1.33728e-07
1.33728e-07
2.26772e-08
2.26772e-08
1.76748e-08
1.76748e-08
1.16053e-08
1.16054e-08
1.10716e-09
1.10721e-09
1.87784e-09
1.87855e-09
9.71885e-10
9.73547e-10
1.35665e-11
1.33266e-11
1.84771e-10
1.93559e-10
7.01667e-11
8.65438e-11
8.97625e-13
1.20838e-11
3.38609e-11
7.03958e-11
7.02819e-11
8.22996e-11
 1.0681e-10
 1.0931e-10
5.95872e-10
5.99275e-10
6.54416e-10
6.55277e-10
  1.678e-09
1.67834e-09
6.63043e-09
6.63073e-09
4.87027e-09
4.87032e-09
2.34123e-08
2.34123e-08
7.11761e-08
7.11761e-08
2.52907e-08
2.52907e-08
3.05299e-07
3.05299e-07
7.37052e-07
7.37052e-07
5.23926e-08
5.23926e-08
3.79004e-06
3.79004e-06
7.31812e-06
7.31812e-06
4.31397e-06
4.31397e-06
4.52186e-05
4.52186e-05
6.88673e-05
6.88673e-05
8.83583e-05
8.83583e-05
0.000521053
0.000521053
0.000600314
0.000600314
 0.00140464
 0.00140464
 0.00581084
 0.00581084
 0.00459851
 0.00459851
  0.0198572
  0.0198572
  0.0627069
  0.0627069
  0.0261279
  0.0261279
   0.261279
   0.261279
   0.653197
   0.653197


